{
    "pc_index": 7,
    "n_runs": 15,
    "n_nodes": 446,
    "total_edges_seen": 113,
    "consensus_thresholds": [
        1.0,
        0.75,
        0.5,
        0.25
    ],
    "weight_stability": {
        "70": {
            "mean": -0.03639292279134329,
            "std": 0.005510512093933123,
            "cv": 0.15141713474148047,
            "n_runs": 15
        },
        "71": {
            "mean": -0.029489899853922,
            "std": 0.004490904433073146,
            "cv": 0.1522861879938151,
            "n_runs": 14
        },
        "72": {
            "mean": -0.015645239005307617,
            "std": 0.003374085304693919,
            "cv": 0.21566211315463235,
            "n_runs": 15
        },
        "110": {
            "mean": -0.01971147268209857,
            "std": 0.005196917938107965,
            "cv": 0.26364939961222006,
            "n_runs": 15
        },
        "111": {
            "mean": -0.010367652313100186,
            "std": 0.003305754402345866,
            "cv": 0.31885274529980484,
            "n_runs": 7
        },
        "148": {
            "mean": -0.025798899124983083,
            "std": 0.0013488110850268717,
            "cv": 0.05228173025881996,
            "n_runs": 3
        },
        "151": {
            "mean": -0.03346106996345939,
            "std": 0.005440837226110624,
            "cv": 0.16260200979981215,
            "n_runs": 11
        },
        "165": {
            "mean": -0.00935614268953841,
            "std": 0.006270963879840566,
            "cv": 0.6702509878192063,
            "n_runs": 8
        },
        "168": {
            "mean": -0.022799291543394235,
            "std": 0.004991549205295356,
            "cv": 0.21893439959723596,
            "n_runs": 12
        },
        "183": {
            "mean": -0.029580162690551033,
            "std": 0.004432174469334356,
            "cv": 0.149836040988042,
            "n_runs": 14
        },
        "186": {
            "mean": -0.024727233212716943,
            "std": 0.004455494658928887,
            "cv": 0.180185733705034,
            "n_runs": 12
        },
        "189": {
            "mean": -0.010306725827928034,
            "std": 0.0034960894224813945,
            "cv": 0.3392046592534823,
            "n_runs": 8
        },
        "202": {
            "mean": -0.034137506190402934,
            "std": 0.0035360238928986735,
            "cv": 0.10358178694062763,
            "n_runs": 15
        },
        "205": {
            "mean": -0.029035043786336385,
            "std": 0.0038591274053579572,
            "cv": 0.1329127461889355,
            "n_runs": 15
        },
        "222": {
            "mean": -0.037330332048019804,
            "std": 0.003446451180668947,
            "cv": 0.09232307862238168,
            "n_runs": 15
        },
        "225": {
            "mean": -0.0384588500860092,
            "std": 0.006451179626483848,
            "cv": 0.16774239510688588,
            "n_runs": 15
        },
        "11330": {
            "mean": -0.009886696206964174,
            "std": 0.0044384840307709,
            "cv": 0.44893500698893113,
            "n_runs": 12
        },
        "11331": {
            "mean": -0.01284066545894852,
            "std": 0.0039466614263508545,
            "cv": 0.3073564558603518,
            "n_runs": 4
        },
        "11342": {
            "mean": -0.028154572245713865,
            "std": 0.0015082878611194252,
            "cv": 0.0535716844836469,
            "n_runs": 5
        },
        "11345": {
            "mean": -0.02488233779282385,
            "std": 0.002927906262812667,
            "cv": 0.1176700632871034,
            "n_runs": 12
        },
        "11346": {
            "mean": -0.03067264779141436,
            "std": 0.004335333343312829,
            "cv": 0.14134199866913155,
            "n_runs": 13
        },
        "12258": {
            "mean": -0.019667107404641726,
            "std": 0.004133335731079791,
            "cv": 0.21016490356402195,
            "n_runs": 14
        },
        "12261": {
            "mean": -0.00953124462602406,
            "std": 0.005114503958340661,
            "cv": 0.5366039965416527,
            "n_runs": 15
        },
        "12264": {
            "mean": -0.0052198484042365045,
            "std": 0.000843547930363231,
            "cv": 0.16160391356932804,
            "n_runs": 2
        },
        "12397": {
            "mean": -0.008927133006063244,
            "std": 0.004875785791599071,
            "cv": 0.5461759994264085,
            "n_runs": 9
        },
        "12560": {
            "mean": -0.017886917382416156,
            "std": 0.006069996372674846,
            "cv": 0.3393539670866928,
            "n_runs": 6
        },
        "16848": {
            "mean": -0.03277082252047635,
            "std": 0.004167127874564009,
            "cv": 0.12715969737897923,
            "n_runs": 15
        },
        "17032": {
            "mean": -0.026950803809513812,
            "std": 0.004137285080047956,
            "cv": 0.1535124929590214,
            "n_runs": 14
        },
        "17035": {
            "mean": -0.012577234147061007,
            "std": 0.005320752070607748,
            "cv": 0.42304627618394763,
            "n_runs": 15
        },
        "17171": {
            "mean": -0.010178411216627964,
            "std": 0.004883892053593387,
            "cv": 0.4798285262453157,
            "n_runs": 12
        },
        "17217": {
            "mean": -0.007757049340665567,
            "std": 0.003748188527235766,
            "cv": 0.4831977163773159,
            "n_runs": 15
        },
        "17220": {
            "mean": 0.0004784026685011481,
            "std": 0.0037234583153629907,
            "cv": 7.783105238582203,
            "n_runs": 7
        },
        "17356": {
            "mean": 0.0008408754663433715,
            "std": 0.0035358387072812495,
            "cv": 4.204949304392465,
            "n_runs": 7
        },
        "18340": {
            "mean": -0.03987777365521216,
            "std": 0.005501685661997223,
            "cv": 0.13796371155434686,
            "n_runs": 15
        },
        "18341": {
            "mean": -0.030424186995690144,
            "std": 0.004308765476601035,
            "cv": 0.1416230276658308,
            "n_runs": 14
        },
        "18342": {
            "mean": -0.020081030295818033,
            "std": 0.004788809063143141,
            "cv": 0.238474271120463,
            "n_runs": 14
        },
        "18355": {
            "mean": -0.02175119385920052,
            "std": 0.005099013468052233,
            "cv": 0.23442453324902926,
            "n_runs": 12
        },
        "18356": {
            "mean": -0.024162117966272677,
            "std": 0.0040339865544418985,
            "cv": 0.16695500618252274,
            "n_runs": 15
        },
        "18357": {
            "mean": -0.032495156309418384,
            "std": 0.003862469391704791,
            "cv": 0.11886292698291451,
            "n_runs": 15
        },
        "18493": {
            "mean": -0.00900650896755061,
            "std": 0.0036849845115242653,
            "cv": 0.40914682090484,
            "n_runs": 13
        },
        "18520": {
            "mean": -0.051763317442304675,
            "std": 0.005225392349741324,
            "cv": 0.10094778711904506,
            "n_runs": 15
        },
        "18521": {
            "mean": -0.0359446546168801,
            "std": 0.003916585306905743,
            "cv": 0.10896155071320288,
            "n_runs": 14
        },
        "18522": {
            "mean": -0.012381481228623889,
            "std": 0.00256587009167904,
            "cv": 0.20723450161578266,
            "n_runs": 15
        },
        "18919": {
            "mean": -8.496943128633028e-05,
            "std": 0.004657471525792674,
            "cv": 54.813495339258075,
            "n_runs": 5
        },
        "18920": {
            "mean": -0.013200365020765825,
            "std": 0.0042671206919596,
            "cv": 0.32325778001190764,
            "n_runs": 15
        },
        "18921": {
            "mean": -0.00766381887290516,
            "std": 0.003980667000856303,
            "cv": 0.5194103705829536,
            "n_runs": 13
        },
        "18932": {
            "mean": -0.029124298219624038,
            "std": 0.00375646298415025,
            "cv": 0.12898037768405812,
            "n_runs": 11
        },
        "18933": {
            "mean": -0.0003958661772768407,
            "std": 0.0038751588958708663,
            "cv": 9.789062865961533,
            "n_runs": 8
        },
        "18934": {
            "mean": -0.011281964704767855,
            "std": 0.004415361066837693,
            "cv": 0.39136455239677564,
            "n_runs": 10
        },
        "18935": {
            "mean": -0.020169174140607902,
            "std": 0.0023214711880080435,
            "cv": 0.11509996253808308,
            "n_runs": 15
        },
        "18936": {
            "mean": -0.029597083884157778,
            "std": 0.0026863245866179074,
            "cv": 0.09076315075945024,
            "n_runs": 15
        },
        "19072": {
            "mean": -0.0036372080773562575,
            "std": 0.004665871850982562,
            "cv": 1.2828168616556024,
            "n_runs": 15
        },
        "19099": {
            "mean": 0.0032491656482805387,
            "std": 0.002726780576449761,
            "cv": 0.8392248569699041,
            "n_runs": 2
        },
        "19100": {
            "mean": -0.010481315399396547,
            "std": 0.004581275006892943,
            "cv": 0.4370897003210786,
            "n_runs": 15
        },
        "19101": {
            "mean": 0.0031262774956886535,
            "std": 0.003251139555031291,
            "cv": 1.0399395317641607,
            "n_runs": 12
        },
        "19318": {
            "mean": -0.014520524214591051,
            "std": 0.004600742410213924,
            "cv": 0.3168440988921623,
            "n_runs": 6
        },
        "19457": {
            "mean": -0.017528205724115578,
            "std": 0.004483752752060372,
            "cv": 0.25580215240693777,
            "n_runs": 9
        },
        "19498": {
            "mean": -0.012896971150321299,
            "std": 0.0037720732500419302,
            "cv": 0.2924774511841842,
            "n_runs": 6
        },
        "19501": {
            "mean": -0.008842509779985052,
            "std": 0.003776670901636197,
            "cv": 0.42710395528028255,
            "n_runs": 11
        },
        "19515": {
            "mean": -0.011296715034509821,
            "std": 0.007478671563799412,
            "cv": 0.6620217949158811,
            "n_runs": 9
        },
        "19518": {
            "mean": 0.006079785712635603,
            "std": 0.005943670762354899,
            "cv": 0.9776118835902691,
            "n_runs": 6
        },
        "19695": {
            "mean": -0.013906579020694683,
            "std": 0.007588833719560481,
            "cv": 0.5457009742128077,
            "n_runs": 7
        },
        "19698": {
            "mean": -0.002317811620350369,
            "std": 0.00578061896874256,
            "cv": 2.4939986140326362,
            "n_runs": 14
        },
        "19706": {
            "mean": -0.02338902634616884,
            "std": 0.003515482815157567,
            "cv": 0.15030479521151205,
            "n_runs": 5
        },
        "19707": {
            "mean": -0.014490400582595236,
            "std": 0.0035696942213699397,
            "cv": 0.24634889843263436,
            "n_runs": 4
        },
        "19713": {
            "mean": -0.029691266263374014,
            "std": 0.0049330871135444924,
            "cv": 0.16614606698771064,
            "n_runs": 14
        },
        "19716": {
            "mean": -0.023390893708174428,
            "std": 0.0038470642531344976,
            "cv": 0.16446845944112268,
            "n_runs": 13
        },
        "19719": {
            "mean": -0.016868101929572873,
            "std": 0.002033779706561465,
            "cv": 0.12056956467614631,
            "n_runs": 8
        },
        "19858": {
            "mean": -0.01740724558641272,
            "std": 0.0050486933566175896,
            "cv": 0.2900340166716763,
            "n_runs": 14
        },
        "19893": {
            "mean": -0.029829116695256393,
            "std": 0.006653377956586422,
            "cv": 0.2230497813448322,
            "n_runs": 11
        },
        "19896": {
            "mean": -0.018581772748507593,
            "std": 0.0046057442668956386,
            "cv": 0.247863555820612,
            "n_runs": 15
        },
        "19899": {
            "mean": -0.017856615386792136,
            "std": 0.0035845701812966114,
            "cv": 0.2007418597338431,
            "n_runs": 9
        },
        "19912": {
            "mean": -0.0290219583360551,
            "std": 0.004913109149183717,
            "cv": 0.16928937366297475,
            "n_runs": 15
        },
        "19915": {
            "mean": -0.02906803470833114,
            "std": 0.005016750151963415,
            "cv": 0.1725864924237748,
            "n_runs": 15
        },
        "20051": {
            "mean": -0.0231890261616147,
            "std": 0.00419220160633303,
            "cv": 0.18078385772286001,
            "n_runs": 15
        },
        "20092": {
            "mean": -0.02884283109968302,
            "std": 0.00478253738618797,
            "cv": 0.16581372922994822,
            "n_runs": 15
        },
        "20095": {
            "mean": -0.023407864778161147,
            "std": 0.0034474060126076724,
            "cv": 0.14727554372340707,
            "n_runs": 15
        },
        "20099": {
            "mean": -0.028979602323222386,
            "std": 0.0033288732738296855,
            "cv": 0.11486952915023754,
            "n_runs": 3
        },
        "20112": {
            "mean": -0.0225730320387096,
            "std": 0.004463766148389332,
            "cv": 0.19774774344601095,
            "n_runs": 15
        },
        "20115": {
            "mean": -0.02148176021547256,
            "std": 0.005007987638752352,
            "cv": 0.2331274340891895,
            "n_runs": 15
        },
        "20251": {
            "mean": -0.022569420794848916,
            "std": 0.004174108918558572,
            "cv": 0.1849453274189137,
            "n_runs": 13
        },
        "20292": {
            "mean": -0.025076697957119348,
            "std": 0.004326548530038283,
            "cv": 0.17253262520594195,
            "n_runs": 15
        },
        "20295": {
            "mean": -0.020926634838161536,
            "std": 0.0032276069576761984,
            "cv": 0.15423439949314624,
            "n_runs": 15
        },
        "54620": {
            "mean": -0.013002320708739669,
            "std": 0.0037853199272697194,
            "cv": 0.2911264851916297,
            "n_runs": 11
        },
        "54621": {
            "mean": -0.010569363059907152,
            "std": 0.002237806395801852,
            "cv": 0.21172575708847968,
            "n_runs": 3
        },
        "54632": {
            "mean": -0.02855608037517227,
            "std": 0.002321349722407642,
            "cv": 0.08129090869298403,
            "n_runs": 8
        },
        "54635": {
            "mean": -0.022941198341540202,
            "std": 0.0025104776604358554,
            "cv": 0.10943097318024886,
            "n_runs": 13
        },
        "54636": {
            "mean": -0.027218931343788038,
            "std": 0.0028548119039212335,
            "cv": 0.10488332065148342,
            "n_runs": 14
        },
        "54800": {
            "mean": -0.011367084551077624,
            "std": 0.002881056673230541,
            "cv": 0.2534560784064381,
            "n_runs": 7
        },
        "54801": {
            "mean": -0.0012878000253936234,
            "std": 0.0027069880507189486,
            "cv": 2.10202515712138,
            "n_runs": 8
        },
        "54812": {
            "mean": -0.019451190416577887,
            "std": 0.0037958912872567336,
            "cv": 0.1951495618500329,
            "n_runs": 12
        },
        "54814": {
            "mean": -0.023162382041810814,
            "std": 0.0023424362844445823,
            "cv": 0.10113106157286458,
            "n_runs": 2
        },
        "54815": {
            "mean": -0.02727768960974632,
            "std": 0.003948378106194464,
            "cv": 0.14474752674008387,
            "n_runs": 15
        },
        "54816": {
            "mean": -0.019306091909293423,
            "std": 0.0041358346061942915,
            "cv": 0.21422433010398206,
            "n_runs": 13
        },
        "55957": {
            "mean": -0.02846897619286526,
            "std": 0.0018554110129043178,
            "cv": 0.06517308526779093,
            "n_runs": 2
        },
        "56137": {
            "mean": -0.026308250172904557,
            "std": 0.0007243389518218901,
            "cv": 0.027532768126399477,
            "n_runs": 2
        },
        "56276": {
            "mean": -0.030316150815676086,
            "std": 0.0009573035294891306,
            "cv": 0.03157734421198754,
            "n_runs": 3
        },
        "56628": {
            "mean": -0.016237834594835025,
            "std": 0.0033768978586568386,
            "cv": 0.20796478982061878,
            "n_runs": 13
        },
        "56631": {
            "mean": -0.002912033416286197,
            "std": 0.0033345570474576248,
            "cv": 1.145095735786674,
            "n_runs": 10
        },
        "56767": {
            "mean": -0.009689650528951004,
            "std": 0.005804877734796603,
            "cv": 0.5990801956636753,
            "n_runs": 7
        },
        "56808": {
            "mean": -0.011442479780893538,
            "std": 0.0035978219785894714,
            "cv": 0.3144267717734625,
            "n_runs": 7
        },
        "56811": {
            "mean": -0.005807501549779515,
            "std": 0.005294564414379409,
            "cv": 0.9116767975000231,
            "n_runs": 15
        },
        "56815": {
            "mean": -0.03047747678086075,
            "std": 0.004851289135800789,
            "cv": 0.15917620643869385,
            "n_runs": 14
        },
        "57110": {
            "mean": -0.002839490625107799,
            "std": 0.002298754873040435,
            "cv": 0.8095659315491365,
            "n_runs": 4
        }
    },
    "jaccard_similarity": {
        "matrix": [
            [
                1.0,
                0.8952380952380953,
                0.43564356435643564,
                0.803921568627451,
                0.8514851485148515,
                0.7657657657657657,
                0.6633663366336634,
                0.9029126213592233,
                0.5742574257425742,
                0.5544554455445545,
                0.8316831683168316,
                0.8365384615384616,
                0.6732673267326733,
                0.6732673267326733,
                0.594059405940594
            ],
            [
                0.8952380952380953,
                1.0,
                0.4489795918367347,
                0.8469387755102041,
                0.8585858585858586,
                0.7545454545454545,
                0.6836734693877551,
                0.93,
                0.5918367346938775,
                0.5714285714285714,
                0.8571428571428571,
                0.88,
                0.6938775510204082,
                0.6767676767676768,
                0.5959595959595959
            ],
            [
                0.43564356435643564,
                0.4489795918367347,
                1.0,
                0.5301204819277109,
                0.5116279069767442,
                0.34951456310679613,
                0.6086956521739131,
                0.4631578947368421,
                0.7,
                0.6949152542372882,
                0.5238095238095238,
                0.4888888888888889,
                0.6470588235294118,
                0.6231884057971014,
                0.7333333333333333
            ],
            [
                0.803921568627451,
                0.8469387755102041,
                0.5301204819277109,
                1.0,
                0.8571428571428571,
                0.6330275229357798,
                0.7441860465116279,
                0.8541666666666666,
                0.6987951807228916,
                0.6746987951807228,
                0.8555555555555555,
                0.8602150537634409,
                0.7764705882352941,
                0.7764705882352941,
                0.7023809523809523
            ],
            [
                0.8514851485148515,
                0.8585858585858586,
                0.5116279069767442,
                0.8571428571428571,
                1.0,
                0.6605504587155964,
                0.7790697674418605,
                0.8854166666666666,
                0.6744186046511628,
                0.6511627906976745,
                0.8888888888888888,
                0.8723404255319149,
                0.7906976744186046,
                0.7701149425287356,
                0.6781609195402298
            ],
            [
                0.7657657657657657,
                0.7545454545454545,
                0.34951456310679613,
                0.6330275229357798,
                0.6605504587155964,
                1.0,
                0.5,
                0.7272727272727273,
                0.44339622641509435,
                0.4380952380952381,
                0.6574074074074074,
                0.6972477064220184,
                0.4954128440366973,
                0.5233644859813084,
                0.4485981308411215
            ],
            [
                0.6633663366336634,
                0.6836734693877551,
                0.6086956521739131,
                0.7441860465116279,
                0.7790697674418605,
                0.5,
                1.0,
                0.6875,
                0.8382352941176471,
                0.782608695652174,
                0.7976190476190477,
                0.7065217391304348,
                0.8,
                0.8493150684931506,
                0.8142857142857143
            ],
            [
                0.9029126213592233,
                0.93,
                0.4631578947368421,
                0.8541666666666666,
                0.8854166666666666,
                0.7272727272727273,
                0.6875,
                1.0,
                0.6105263157894737,
                0.5894736842105263,
                0.8645833333333334,
                0.8877551020408163,
                0.7157894736842105,
                0.6979166666666666,
                0.6145833333333334
            ],
            [
                0.5742574257425742,
                0.5918367346938775,
                0.7,
                0.6987951807228916,
                0.6744186046511628,
                0.44339622641509435,
                0.8382352941176471,
                0.6105263157894737,
                1.0,
                0.8095238095238095,
                0.6904761904761905,
                0.6444444444444445,
                0.726027397260274,
                0.8,
                0.9032258064516129
            ],
            [
                0.5544554455445545,
                0.5714285714285714,
                0.6949152542372882,
                0.6746987951807228,
                0.6511627906976745,
                0.4380952380952381,
                0.782608695652174,
                0.5894736842105263,
                0.8095238095238095,
                1.0,
                0.6666666666666666,
                0.5869565217391305,
                0.7714285714285715,
                0.7714285714285715,
                0.7313432835820896
            ],
            [
                0.8316831683168316,
                0.8571428571428571,
                0.5238095238095238,
                0.8555555555555555,
                0.8888888888888888,
                0.6574074074074074,
                0.7976190476190477,
                0.8645833333333334,
                0.6904761904761905,
                0.6666666666666666,
                1.0,
                0.8709677419354839,
                0.788235294117647,
                0.7471264367816092,
                0.6941176470588235
            ],
            [
                0.8365384615384616,
                0.88,
                0.4888888888888889,
                0.8602150537634409,
                0.8723404255319149,
                0.6972477064220184,
                0.7065217391304348,
                0.8877551020408163,
                0.6444444444444445,
                0.5869565217391305,
                0.8709677419354839,
                1.0,
                0.717391304347826,
                0.6808510638297872,
                0.6483516483516484
            ],
            [
                0.6732673267326733,
                0.6938775510204082,
                0.6470588235294118,
                0.7764705882352941,
                0.7906976744186046,
                0.4954128440366973,
                0.8,
                0.7157894736842105,
                0.726027397260274,
                0.7714285714285715,
                0.788235294117647,
                0.717391304347826,
                1.0,
                0.7894736842105263,
                0.7297297297297297
            ],
            [
                0.6732673267326733,
                0.6767676767676768,
                0.6231884057971014,
                0.7764705882352941,
                0.7701149425287356,
                0.5233644859813084,
                0.8493150684931506,
                0.6979166666666666,
                0.8,
                0.7714285714285715,
                0.7471264367816092,
                0.6808510638297872,
                0.7894736842105263,
                1.0,
                0.8285714285714286
            ],
            [
                0.594059405940594,
                0.5959595959595959,
                0.7333333333333333,
                0.7023809523809523,
                0.6781609195402298,
                0.4485981308411215,
                0.8142857142857143,
                0.6145833333333334,
                0.9032258064516129,
                0.7313432835820896,
                0.6941176470588235,
                0.6483516483516484,
                0.7297297297297297,
                0.8285714285714286,
                1.0
            ]
        ],
        "mean": 0.7065493804725411,
        "std": 0.1292978180638649
    },
    "effect_sizes": {
        "70": {
            "cohens_d": -6.6042723745059195,
            "mean": -0.03639292279134329,
            "ci_95": [
                -0.04648373345373473,
                -0.030486222001869356
            ],
            "significant": true
        },
        "71": {
            "cohens_d": -6.5665837012127035,
            "mean": -0.029489899853922,
            "ci_95": [
                -0.03728241741774469,
                -0.02229860089754959
            ],
            "significant": true
        },
        "72": {
            "cohens_d": -4.636883063846211,
            "mean": -0.015645239005307617,
            "ci_95": [
                -0.02156697556366517,
                -0.009901776783585153
            ],
            "significant": true
        },
        "110": {
            "cohens_d": -3.792915900703042,
            "mean": -0.01971147268209857,
            "ci_95": [
                -0.027046871886544505,
                -0.01161840631714624
            ],
            "significant": true
        },
        "111": {
            "cohens_d": -3.136243970738715,
            "mean": -0.010367652313100186,
            "ci_95": [
                -0.01459616461065354,
                -0.004960623995276049
            ],
            "significant": true
        },
        "148": {
            "cohens_d": -19.12714049534157,
            "mean": -0.025798899124983083,
            "ci_95": [
                -0.027271780281915833,
                -0.024151343604975086
            ],
            "significant": true
        },
        "151": {
            "cohens_d": -6.149985484380866,
            "mean": -0.03346106996345939,
            "ci_95": [
                -0.04560102767302519,
                -0.02747929603676373
            ],
            "significant": true
        },
        "165": {
            "cohens_d": -1.4919784053637832,
            "mean": -0.00935614268953841,
            "ci_95": [
                -0.018117456197704506,
                0.0005880786449368357
            ],
            "significant": false
        },
        "168": {
            "cohens_d": -4.5675782418827575,
            "mean": -0.022799291543394235,
            "ci_95": [
                -0.028964432373338417,
                -0.013808900686320432
            ],
            "significant": true
        },
        "183": {
            "cohens_d": -6.6739617077830236,
            "mean": -0.029580162690551033,
            "ci_95": [
                -0.03678946917398579,
                -0.02202245134688072
            ],
            "significant": true
        },
        "186": {
            "cohens_d": -5.549828942823026,
            "mean": -0.024727233212716943,
            "ci_95": [
                -0.030647012566454437,
                -0.018550225670508257
            ],
            "significant": true
        },
        "189": {
            "cohens_d": -2.9480727128005504,
            "mean": -0.010306725827928034,
            "ci_95": [
                -0.015138617567189875,
                -0.004437014186097248
            ],
            "significant": true
        },
        "202": {
            "cohens_d": -9.654206878794175,
            "mean": -0.034137506190402934,
            "ci_95": [
                -0.03995955888032743,
                -0.028800378494991646
            ],
            "significant": true
        },
        "205": {
            "cohens_d": -7.523732889985582,
            "mean": -0.029035043786336385,
            "ci_95": [
                -0.035018251410498455,
                -0.023776671683622425
            ],
            "significant": true
        },
        "222": {
            "cohens_d": -10.831527879287728,
            "mean": -0.037330332048019804,
            "ci_95": [
                -0.04352919452499126,
                -0.03132957421256628
            ],
            "significant": true
        },
        "225": {
            "cohens_d": -5.961522126608466,
            "mean": -0.0384588500860092,
            "ci_95": [
                -0.04734693636585998,
                -0.026420371677943127
            ],
            "significant": true
        },
        "11330": {
            "cohens_d": -2.227493923245455,
            "mean": -0.009886696206964174,
            "ci_95": [
                -0.015142626356168084,
                -0.001206744177474229
            ],
            "significant": true
        },
        "11331": {
            "cohens_d": -3.25355131129685,
            "mean": -0.01284066545894852,
            "ci_95": [
                -0.016536223253504956,
                -0.006831697698216501
            ],
            "significant": true
        },
        "11342": {
            "cohens_d": -18.666577495901894,
            "mean": -0.028154572245713865,
            "ci_95": [
                -0.0299750401412106,
                -0.02626381988066554
            ],
            "significant": true
        },
        "11345": {
            "cohens_d": -8.498338252441474,
            "mean": -0.02488233779282385,
            "ci_95": [
                -0.029593029925646913,
                -0.01933551455182058
            ],
            "significant": true
        },
        "11346": {
            "cohens_d": -7.075037918070671,
            "mean": -0.03067264779141436,
            "ci_95": [
                -0.037674025282003615,
                -0.023551586347840475
            ],
            "significant": true
        },
        "12258": {
            "cohens_d": -4.758168386071048,
            "mean": -0.019667107404641726,
            "ci_95": [
                -0.026581260038772456,
                -0.013161862043228853
            ],
            "significant": true
        },
        "12261": {
            "cohens_d": -1.8635716588860278,
            "mean": -0.00953124462602406,
            "ci_95": [
                -0.01745449944400982,
                -0.0016595251333970651
            ],
            "significant": true
        },
        "12264": {
            "cohens_d": -6.187968953926355,
            "mean": -0.0052198484042365045,
            "ci_95": [
                -0.006021218938081574,
                -0.004418477870391435
            ],
            "significant": true
        },
        "12397": {
            "cohens_d": -1.830911649450352,
            "mean": -0.008927133006063244,
            "ci_95": [
                -0.01697717399536598,
                -0.0025460317094633256
            ],
            "significant": true
        },
        "12560": {
            "cohens_d": -2.9467756295435783,
            "mean": -0.017886917382416156,
            "ci_95": [
                -0.025165971009924792,
                -0.008544813011609073
            ],
            "significant": true
        },
        "16848": {
            "cohens_d": -7.864126925527821,
            "mean": -0.03277082252047635,
            "ci_95": [
                -0.0405191839999987,
                -0.026261130714478352
            ],
            "significant": true
        },
        "17032": {
            "cohens_d": -6.514127812821982,
            "mean": -0.026950803809513812,
            "ci_95": [
                -0.03356286199534977,
                -0.01943580972032677
            ],
            "significant": true
        },
        "17035": {
            "cohens_d": -2.3638075933924148,
            "mean": -0.012577234147061007,
            "ci_95": [
                -0.019821991673162564,
                -0.0034671548329028015
            ],
            "significant": true
        },
        "17171": {
            "cohens_d": -2.084077843026663,
            "mean": -0.010178411216627964,
            "ci_95": [
                -0.01665434031632276,
                -0.0012570002199330066
            ],
            "significant": true
        },
        "17217": {
            "cohens_d": -2.069546204599873,
            "mean": -0.007757049340665567,
            "ci_95": [
                -0.013581185040114019,
                -0.0013529399271133265
            ],
            "significant": true
        },
        "17220": {
            "cohens_d": 0.12848342266308138,
            "mean": 0.0004784026685011481,
            "ci_95": [
                -0.0038415493850685184,
                0.007322918297681444
            ],
            "significant": false
        },
        "17356": {
            "cohens_d": 0.23781499552334817,
            "mean": 0.0008408754663433715,
            "ci_95": [
                -0.0027964641715014366,
                0.006815772535699947
            ],
            "significant": false
        },
        "18340": {
            "cohens_d": -7.24828281824006,
            "mean": -0.03987777365521216,
            "ci_95": [
                -0.05060729523165393,
                -0.0326915745765418
            ],
            "significant": true
        },
        "18341": {
            "cohens_d": -7.060998599462005,
            "mean": -0.030424186995690144,
            "ci_95": [
                -0.03615943997694289,
                -0.023329902180822162
            ],
            "significant": true
        },
        "18342": {
            "cohens_d": -4.193324484446625,
            "mean": -0.020081030295818033,
            "ci_95": [
                -0.026588885759205885,
                -0.012787513130677332
            ],
            "significant": true
        },
        "18355": {
            "cohens_d": -4.265765131918593,
            "mean": -0.02175119385920052,
            "ci_95": [
                -0.03031273779602677,
                -0.013505751245568721
            ],
            "significant": true
        },
        "18356": {
            "cohens_d": -5.9896377045846405,
            "mean": -0.024162117966272677,
            "ci_95": [
                -0.02962491936006857,
                -0.015397380894253566
            ],
            "significant": true
        },
        "18357": {
            "cohens_d": -8.413052121320732,
            "mean": -0.032495156309418384,
            "ci_95": [
                -0.037868200403104506,
                -0.026268413441487094
            ],
            "significant": true
        },
        "18493": {
            "cohens_d": -2.4441103997544724,
            "mean": -0.00900650896755061,
            "ci_95": [
                -0.01403833788754385,
                -0.002110460708868526
            ],
            "significant": true
        },
        "18520": {
            "cohens_d": -9.906111154479557,
            "mean": -0.051763317442304675,
            "ci_95": [
                -0.06371910927262257,
                -0.04463693381391044
            ],
            "significant": true
        },
        "18521": {
            "cohens_d": -9.177549268109214,
            "mean": -0.0359446546168801,
            "ci_95": [
                -0.04161533516541463,
                -0.02903456250141211
            ],
            "significant": true
        },
        "18522": {
            "cohens_d": -4.82545132303318,
            "mean": -0.012381481228623889,
            "ci_95": [
                -0.015634406788267267,
                -0.006974359518629325
            ],
            "significant": true
        },
        "18919": {
            "cohens_d": -0.018243682396290976,
            "mean": -8.496943128633028e-05,
            "ci_95": [
                -0.004893006629476804,
                0.0077134965692761785
            ],
            "significant": false
        },
        "18920": {
            "cohens_d": -3.093506364991938,
            "mean": -0.013200365020765825,
            "ci_95": [
                -0.01901177172713826,
                -0.005910603451907469
            ],
            "significant": true
        },
        "18921": {
            "cohens_d": -1.925259980615448,
            "mean": -0.00766381887290516,
            "ci_95": [
                -0.013878823095599152,
                -0.0018338795868741058
            ],
            "significant": true
        },
        "18932": {
            "cohens_d": -7.753117318740797,
            "mean": -0.029124298219624038,
            "ci_95": [
                -0.03661337870037733,
                -0.023970941965210227
            ],
            "significant": true
        },
        "18933": {
            "cohens_d": -0.10215482459278034,
            "mean": -0.0003958661772768407,
            "ci_95": [
                -0.0051460809965212405,
                0.00563570108932735
            ],
            "significant": false
        },
        "18934": {
            "cohens_d": -2.555162428165374,
            "mean": -0.011281964704767855,
            "ci_95": [
                -0.018928220916830468,
                -0.004865127582393522
            ],
            "significant": true
        },
        "18935": {
            "cohens_d": -8.688100134429934,
            "mean": -0.020169174140607902,
            "ci_95": [
                -0.02400941539196986,
                -0.016579752013620153
            ],
            "significant": true
        },
        "18936": {
